A=[1,2,6,8,9;3,1,4,8,9];
F=[2;3];
A
F
A-F